-213.80386382249543
-107.92379280289845
-244.6250147894296
-251.27014196580427
-179.27777940676125
-131.81583613999103
-110.02009088597492
-176.2189066714064
-204.8722691399264
-165.84154616634294
-158.36285996646419
-278.7811502635165
-257.30329870609205
-281.4174059826378
-232.9199231300359
-104.21792088673831
-297.4269213611859
-269.15640137489146
-209.93804976122135
-127.60240383376109
-296.17692910638226
-164.03281590808047
-123.13507159185065
-193.25431207013153
-234.98246611559034
-168.04025339674214
-250.9267242026884
-157.66663762268587
-262.3516119582274
-171.75656629694416
-103.82975537791555
-286.7892272492877
-166.13130076489213
-140.9468319913445
-281.65828191336044
-253.63535681903335
-290.74976212494244
-253.77346456480353
-197.49208967292032
-256.41479372815473
-128.07504532821153
-163.17260363066072
-264.77996725387084
-293.46809667945695
-299.4101983213754
-122.82984654373931
-177.5022529405599
-268.0389099720519
-139.38514112484376
-224.39770924047656
-169.44190263419964
-281.4040779668112
-193.39977815141287
-214.4387529690061
-189.94038396628122
-285.416673994145
-255.68571781938846
-290.88020478881333
-193.7920253492304
-188.55494726897982
-188.8365054474752
-273.8040497285763
-266.1871660132289
-195.9393839568982
-182.89217027434728
-146.0078644856952
-104.43768167060028
-288.5141381968518
-263.313129372529
-212.67789220263336
-277.32158125622857
-278.78554525053255
-274.2542137326841
-189.72119988154617
-210.7812932287665
-120.62818021550021
-138.40592170155116
-165.6943051849255
-259.5571654371737
-145.54527567977001
-148.99582495977822
-125.20085551863352
-195.04395001734946
-128.39038475336991
-236.08988790170847
-146.5681238154738
-227.37898754915977
-276.76469001625657
-193.53256688676177
-209.48582983363048
-252.07620202356065
-124.6790833320263
-213.4993327215561
-295.9679587674622
-251.49488593434845
-283.552387612414
-171.84209277865378
-162.0372512393083
-152.0298902201607
-111.48316351359253
-106.30181535669684
-130.8824590219086
-264.65706334405183
-253.6260274115296
-275.65353769199163
-263.25284750773386
-247.67663619689196
-185.65140884335895
-138.71772458898585
-298.2098792606069
-274.777411066286
-167.6230324250661
-145.70380254636032
-166.26305307495417
-138.86149025088977
-246.68412400207473
-273.90227350330093
-167.82082868148368
-241.12349370811899
-231.3291572334336
-259.38310609822076
-173.94206764457402
-281.24182110244544
-206.25557795018216
-193.8124902276377
-176.9199322710774
-274.23857999028206
-188.1183713366398
-165.2552866242809
-161.17692314326644
-296.919030629108
-172.73348483839123
-238.68140271160865
-106.58746728382923
-263.21450791610664
-202.51213835757545
-292.0052539280943
-122.59372137542042
-288.9666302167772
-197.87627189943208
-105.44283196077464
-185.1371329302356
-295.38296469178186
-191.11114602984995
-294.66071323745695
-245.08057798108462
-254.04402930349505
-109.64052305397459
-275.2173286922093
-248.87725884568246
-224.12412063043658
-285.0160121341756
-283.6665470657085
-237.91856497809516
-255.03502145777185
-274.68253072598554
-162.39082971834898
-199.73540449039572
-165.40120206467193
-192.5976859962204
-204.94289705184323
-278.9040537200721
-282.5456120418254
-198.13253341715938
-190.63753538757902
-183.42792497862905
-261.43570360399417
-224.53751400581115
-294.8981369044018
-215.7406389880352
-145.123192467479
-128.2537013522255
-139.8394559665666
-238.9423165057607
-103.88339378270135
-234.44018460433216
-272.52527573215684
-117.25347587040574
-249.80442012531134
-105.19160848094614
-133.8719232360161
-118.02354836317008
-172.4796395033971
-135.491261356443
-215.10523516823721
-216.21074561659486
-280.7495239527972
-279.20535019707864
-134.545015718722
-105.44957583701017
-140.99941507487162
-262.48088131265416
-169.4425924639026
-106.88537259498972
-190.25107473667725
-166.51128884449585
-196.2455316531344
-203.67237801479257
-245.3718222736849
-121.07831222812771
-193.36421508803562
-108.05182005789194
-242.71320223186262
-131.23534180682654
-226.3551796350717
-118.15412489234626
-264.48984378431584
-259.54687698503074
-212.65040008218062
-200.68010737927764
-295.95918896826794
-182.09480236283082
-181.26025015901354
-201.60375918373728
-223.79894196419616
-184.50005224154233
-190.06765451192155
-211.84112726289055
-299.84232910700194
-217.62333427222723
-137.88022184661648
-181.14980432855762
-272.1095430718818
-232.45203363843964
-117.85424152201443
-119.81256282583291
-185.6758875096424
-104.42969306104715
-149.6001863809753
-144.3368030245915
-103.95333845070203
-166.20038664713567
-251.91337341699756
-154.30112155437948
-212.7723920720452
-183.31016475271332
-227.99577962975243
-184.95904061070993
-206.52690601232638
-100.73433613880061
-171.6245699499499
-209.64389623987626
-162.47854333072257
-129.30202491608645
-228.10078573885045
-149.07743149148462
-205.99131548473605
-280.63339841956383
-168.03365801110962
-275.29177183272503
-255.69839082859463
-242.4096572784399
-230.82863723499003
-230.54240834605312
-192.30904097269945
-254.9405641095577
-278.5603518198035
-263.14466745181807
-105.75036229367154
-199.1434460825274
-148.55734200564982
-245.9819910396572
-127.4833950683306
-229.36699221001703
-112.36066560302515
-119.16979611836709
-153.32861728634825
-198.07508333040784
-182.1524716589824
-293.9416622412861
-146.91924906762583
-280.8323914896332
-149.23054088704424
-244.13788246962167
-209.65216752349903
-263.23748433365995
-158.32486241729535
-204.43354120386493
-123.17084480474907
-168.19455027288893
-271.22345972570884
-201.46294593328975
-112.83919017942935
-137.02242728107512
-248.25561164301075
-297.3880891533017
-261.83453314583346
-138.91314954434094
-232.48158383910962
-179.2158789501974
-269.8637272121501
-292.4039945073518
-245.01959922640776
-139.86713575687227
-188.82990949806458
-262.7318264046821
-293.22883261395816
-226.54352617497307
-218.15939154039899
-132.97396088264003
-159.12500838289398
-177.0274019152987
-150.43041734731432
-105.00204800796791
-273.3885905944282
-129.08007414309378
-218.43258942584572
-181.24053366779583
-283.43040900724475
-167.88526503923654
-227.06367928767963
-222.93904105492925
-221.52190604484858
-287.02347250852125
-262.65378779366876
-210.15398435097615
-128.60275869916305
-111.67160002528652
-198.22037311365335
-186.7774823577832
-121.58182920061512
-129.15944308995682
-298.24040205734383
-274.17986155455804
-139.0116078640871
64.47739432781398
82.60338088199578
22.668137355034833
55.24404322660765
33.024766762759214
72.56306005577653
89.46923543017351
24.75898139074012
15.391275116219482
73.7381377365028
66.84171020299885
81.64967157866812
80.3571025443007
98.11140237811743
92.10915660594861
38.995259410337326
76.60941000384969
14.628698478960123
21.08189139591672
64.71294686838478
58.22799854044748
66.70453362184067
80.00933220881751
67.69396827651035
73.55734279444168
24.985186683657588
51.013546587671584
52.81690778572966
62.83209773457917
21.74328381942876
64.940028417715
35.31881371020072
0.1836403521819241
64.99721030411636
51.854012000380735
53.71044402503497
40.471793135783585
75.56312970652147
47.547040957742624
28.563162810795305
44.36437266657549
44.559426073483934
26.511071359461248
30.01580049380793
48.40429380208342
95.28687814432081
90.0890154131239
9.79178792504064
24.07017763097755
62.17945236006943
37.832005221960905
50.129162701349394
42.1538163792826
16.045907048335117
79.72613613084454
13.836382146302839
79.44049059565246
40.962790501381384
78.23807692145871
91.18096433025495
24.882430269302823
69.64568740811463
40.621919788312766
10.20140043577824
92.52432292702004
60.33871017195942
37.031365447885825
29.540903794598037
94.08562974065609
46.55032866032418
6.905834023381363
57.1952293536049
57.96752294774882
13.777538913437681
78.8642958988612
16.320968302716178
92.42524136015628
37.104767146854634
80.35331901092638
64.42511392374291
5.1714318681526645
34.15240675585031
2.7047994975548217
10.003712990317403
38.150975479877424
77.03263875555973
19.961583158407304
90.37909020269848
66.50260708937658
86.93576788558126
81.47270944144536
89.06112884231997
63.73569636755359
20.33599394818867
88.92655688070559
43.287122731197925
86.7950038574351
15.173705020594042
27.62426233251706
90.93255455927778
1.6062362211009762
68.06717242528441
41.18616743426169
39.34846545787964
89.93609766293625
93.35797675079631
48.771154301657674
2.803664385475302
14.067220605265652
10.012551761311705
67.61017151011846
19.56267141569664
39.934473775494226
88.1022782492706
41.670000030493135
29.239238660596445
0.7971812288055546
76.78920410672825
67.2765739410607
31.473295335954145
0.9930522568800337
72.30939429821316
52.98880704207692
2.9335063166170183
64.33778593530894
76.23566301402343
15.317520034132404
73.64834820346174
36.799929212361974
70.74898655769539
3.6479148995677058
15.439504609899146
16.227146367045485
92.256883091842
8.891440497519564
34.74020668949082
26.814566691160824
96.3527053239597
94.70871678162588
48.989086704283004
49.12151147832839
71.01190615689872
65.23515093710786
45.00683375526773
94.36026296304068
1.9501088549780943
75.70206667450044
19.085908971858622
76.0352287316579
1.6138769633956884
4.1139846050912805
90.02470220582144
26.52017663184284
2.8869964087646527
78.17214319742624
88.34485714554883
97.74015500352888
98.79464858142396
27.471023932967263
34.40242103440564
99.73499383096524
33.60822305724647
1.9517174543639992
16.021593039840255
43.41730641072791
36.33652226125892
2.7567020782645058
24.790069086713462
11.61914230877208
99.1445900273867
0.9269507362854035
48.711070078751625
76.59973548211933
40.46183102140578
6.236804682985397
7.213912722862581
39.19139149752188
54.02236740331061
73.87188719245741
68.49222935932092
62.40790499310205
11.437478273206281
74.36862947700948
16.930539330286997
81.44800569737242
24.09210399028887
22.84270442704074
15.792363024254508
18.992473349194373
53.502730212765485
98.90913542414962
3.9723469015217505
63.245084630197525
90.72521875687535
37.699519424249395
72.94470536523453
85.59956033244623
90.7678912142422
83.81386018253494
98.4376026653605
82.79538908574384
50.318333059875556
96.88329954110124
41.231667493488764
31.84417867039694
71.54168323148544
17.111662898341063
83.60913427897036
39.3557960625716
97.25094926726211
15.060836154082047
32.13680432395276
27.933253602579267
26.651134435391498
97.64694356314476
33.23338136246991
74.69645191713836
66.00214108445638
32.1376947323761
90.17916018164374
69.55851018352263
48.61717903039834
10.820004521587167
30.390243982982778
97.26930779697621
5.310609815227229
25.305571395705574
15.84599150004996
9.998291992452923
59.5106154932988
89.74422239616135
39.06052041577698
65.64455081974091
43.77403918012875
7.466130228086698
7.412108694686892
68.5246663029505
37.43991051650087
60.5730761974969
66.2458989265676
35.525136880185336
63.25191326029616
96.84361003195858
2.9541970414019847
53.708594695018796
80.4127413825673
9.252826149327165
85.75798085697049
16.385167498522
77.39579503447297
11.555947130780087
68.61516062450849
27.57799497799933
41.17201653022842
80.77296271151779
79.25915492559781
82.80358972792074
36.55232219339268
73.38257501161286
92.19792876493914
69.91855060192752
34.12248561813283
29.7733513041212
7.152773410464642
20.06291592635724
4.840716007315771
9.71723562839022
45.686356444090414
36.22600257838705
70.1513612354524
72.51790943851766
56.49126915887243
90.59568103008007
52.415631500065
93.59177467931163
46.500990635553705
64.02489843910138
65.14866223349173
3.789360591917268
68.1477013981156
19.603056853243316
69.80100392509225
41.75994825419572
40.54938785369116
27.939187844649283
30.076705422889805
39.158535921824075
77.61830139326497
28.758165657767996
6.3685484159291095
40.0547020663798
95.01753260697107
79.67620713661657
48.45981400973397
32.06716645433064
97.89398077481057
76.23610371554052
87.3318939363242
94.707137728562
44.81329062182302
71.49136869226716
32.482536232025275
83.54024614460305
52.98448221640195
22.276479534326832
22.74593113467884
46.89220003309352
33.53444130698995
5.297316975872246
36.307476047774145
37.07332657878785
8.712949016834525
2.681364505006989
55.41095455172494
80.43304361055526
20.25243879928329
48.31973905400333
58.33690099171241
51.60848649036826
25.77408266341945
94.2636460787186
14.700000906096921
24.938753461824557
25.04716970742715
22.008862482649704
344.27322428227353
386.8485627869253
560.2622755553635
385.0581965306511
529.0981725424448
472.4363930104546
501.92493191074504
357.6391631401001
332.0963329164041
323.0148354341487
593.5940747320974
392.0390914840086
419.35937336612335
331.23101500420216
366.90127809484136
471.67638454911827
494.05594844451866
539.1786564535402
322.80004579477014
363.680626862516
535.5638443343358
578.7665867289077
343.1927637360265
519.3121337109549
553.2612790739572
541.1054065933242
326.4263459905207
538.863462250984
505.1260087418184
563.7176581905239
595.7260006971203
599.449971904721
394.8358596239558
510.39088130367884
452.40558295698816
353.41384245833524
486.30567924080646
310.7364762458963
511.14474843435084
336.07390095200867
349.12498808417064
571.6321792271565
484.2171572270419
376.04092847024805
322.5636105008899
575.2115087292891
479.58867621863214
507.5887104977443
591.5607848957927
565.5224250618605
532.5668302005254
358.54192111745886
415.7012636574299
306.54698766536194
356.2386392926861
516.4982599582236
301.2203422890063
521.0079482614653
541.5372158495911
519.610187449174
565.3917420405784
543.7145237617394
585.8662843920895
425.55817918364795
318.80757483324663
513.0120480578441
524.8606343285519
424.588724313206
455.33608704702624
353.35237072819325
423.3652105144737
305.1884804855794
501.662511245592
583.0947332268213
487.89341881448354
373.6269824322359
306.3726787854008
352.953334128652
488.82560103472264
580.4071245291934
519.4236089306665
515.9049971429546
467.4447690234938
590.502017185149
364.7770179015252
451.47553438778016
533.8769771188554
515.4137556742652
581.0379730083083
406.13851936344554
400.12206072449146
415.0089518260554
362.41208574112727
436.52576939713447
542.6111453608241
344.3167429573543
555.9630058828695
352.7289593934834
546.3438205076748
515.838409696934
530.5437453661061
548.6439716815285
443.0470999095574
308.57091325081836
369.083029303528
470.63394506776933
359.17600434548933
372.956110943092
530.3444660219849
546.2465572506248
557.8652153594919
374.546938874289
521.5635177569625
423.55799712357856
509.5191488337184
586.6635341234635
306.0307585816847
373.56337998877603
481.19380395729496
338.8171529891915
303.1569742565461
357.39213992730356
414.0935106814693
592.2450784896018
520.4577714064319
424.3816928554679
423.9722170993318
350.13921227108534
583.5442502596813
552.2111753210974
561.9928774368535
461.32933271120396
585.7733378785783
500.0393577619425
477.79161065419333
416.66953920496985
483.8483135307448
539.0685605286085
491.55126358036546
537.0602422434853
338.33075126580246
486.26792447304274
329.2077054518379
429.7354365693453
524.8341992527924
331.6593388107876
301.3287834707743
538.692905520845
374.3764666528448
521.6144951872577
578.5211109588746
599.6490862140993
592.7412398289903
564.5463206041127
400.1189502431405
513.1456469226789
436.81489240462076
493.8129548933607
401.7243210944106
578.5741155208941
431.4152831845937
360.88907038956177
402.7410658878905
593.5843094382226
521.6410003043675
504.0851617121451
477.2959001856115
537.3390093917361
330.17415915846203
598.3999566511568
419.46209637224314
345.9315207672571
339.4450316505902
374.7180577860963
402.6550976080978
566.8210661630313
349.49267474215833
363.0401880507304
528.9174592177529
524.872588135583
520.5001114543811
479.8879978213978
432.51131368599647
594.9342530079352
404.94617400277025
320.8307596620145
332.1037779100045
394.87933387162803
321.06361337238
425.2738650660182
300.5484927369114
515.7016075182842
501.1544126433997
448.86850182885956
588.4627180221974
564.7402881347236
356.1103850970642
396.9246792690808
482.2786347302356
436.28246404430115
320.3692614762343
493.8799493223154
521.3089941181516
360.93039625134804
318.14158802686205
489.79785077215695
459.1189798891298
491.6921020217203
302.3196601869846
354.8375020082783
326.8849095842551
453.9097736520771
426.6882180726392
441.2558433180153
341.9434216244799
346.2522153196752
523.868462574314
466.46115774458144
340.9004881020737
318.250726880872
555.9812725626947
460.2404233516578
339.6281213515807
572.351376438861
339.26823303276933
484.4262918089259
548.304485435056
517.7873502358788
449.91658269206755
481.7857761135181
567.476626130573
500.9121487801916
460.9322981381699
562.4247872008698
575.0620307491533
410.9208249828234
562.5174560156617
384.76237378441454
573.3055953289565
524.3959573292269
437.692963380882
500.6272595860446
389.5211707457077
459.7073474502578
590.4830864441487
582.536366118347
305.08276400298035
462.98970069817756
393.266345519845
387.5408579080273
379.71404290003915
358.38158143724644
344.63138702145926
519.8791823751042
583.7253424572795
495.85800054675724
305.5903705230907
586.8787888179261
373.8913898824889
422.0589323796588
317.5553852246917
578.5733893614527
593.0774659811518
413.4635377082906
572.4784483017672
383.8227125932467
303.8883057388199
317.5784683821248
436.7803025552601
499.20005501517835
401.4390640960425
496.52380389564337
388.0359440574289
390.56378219221654
425.9238631077461
577.2324881209565
566.0795318999245
433.77006320898556
555.477970347777
505.1692541560985
591.3840331686463
459.6018182354411
343.34563210348216
554.8315971344116
524.5841633887438
338.59888359134015
397.5479503685306
434.23680827835506
363.095186649891
466.33256495673913
453.9960571994821
534.7888047734298
402.1064113529906
326.9596602625812
353.85403417790536
460.3549215333293
350.35806312439803
557.7223426302164
316.5781699128438
578.734429612966
555.3992753787657
354.3524240174384
362.8468702215199
535.9516465213043
591.3210283068202
420.2338802678276
396.4142944406682
466.8999753401959
520.9154889376837
515.470466600188
481.4785667536306
483.46562742954586
445.20177474958894
354.4463539225398
523.5876284604365
591.5333217255125
344.9516359960911
511.7883307499469
413.5531310292147
585.900968559747
483.32671219008694
571.057947068713
308.50111714461343
447.88290844150436
414.03385089253663
